"","treatment","microbe","concentration","reliability","used.model","log.x","log.y","nboot.gc","mu.model","lambda.model","A.model","integral.model","stdmu.model","stdlambda.model","stdA.model","ci90.mu.model.lo","ci90.mu.model.up","ci90.lambda.model.lo","ci90.lambda.model.up","ci90.A.model.lo","ci90.A.model.up","ci95.mu.model.lo","ci95.mu.model.up","ci95.lambda.model.lo","ci95.lambda.model.up","ci95.A.model.lo","ci95.A.model.up","mu.spline","lambda.spline","A.spline","integral.spline","mu.bt","lambda.bt","A.bt","integral.bt","stdmu.bt","stdlambda.bt","stdA.bt","stdintegral.bt","ci90.mu.bt.lo","ci90.mu.bt.up","ci90.lambda.bt.lo","ci90.lambda.bt.up","ci90.A.bt.lo","ci90.A.bt.up","ci90.integral.bt.lo","ci90.integral.bt.up","ci95.mu.bt.lo","ci95.mu.bt.up","ci95.lambda.bt.lo","ci95.lambda.bt.up","ci95.A.bt.lo","ci95.A.bt.up","ci95.integral.bt.lo","ci95.integral.bt.up"
"1","treatment","bb362","mar 24",TRUE,"gompertz.exp",FALSE,FALSE,0,0,NA,0,NA,NA,NA,NA,NA,NA,NA,NA,NA,NA,NA,NA,NA,NA,NA,NA,1.26660167275189e-05,14.0993725486004,0.00345797983622757,6.36015166465536,NA,NA,NA,NA,NA,NA,NA,NA,NA,NA,NA,NA,NA,NA,NA,NA,NA,NA,NA,NA,NA,NA,NA,NA
"2","treatment","02-343","mar 24",TRUE,"gompertz",FALSE,FALSE,0,1.16156336903601e-05,-6.40299657301472,0.00420551540391255,17.3565136469335,2.78448648770158e-06,48.6693211071089,7.04868687196087e-05,7.03515341809096e-06,1.61961139626291e-05,-86.4640297942089,73.6580366481794,0.00408956450486879,0.0043214663029563,6.15804017446496e-06,1.70732272062551e-05,-101.794865942948,88.9888727969187,0.00406736114122211,0.00434366966660298,1.64495848655012e-05,14.0444903923142,0.00535445411963627,17.3755009372207,NA,NA,NA,NA,NA,NA,NA,NA,NA,NA,NA,NA,NA,NA,NA,NA,NA,NA,NA,NA,NA,NA,NA,NA
"3","treatment","ec124","mar 24",TRUE,"logistic",FALSE,FALSE,0,9.38123599375334e-06,7.51955068712371,0.0039495022941185,16.2036203394558,2.26574636871668e-06,59.2657173103571,6.53601424836554e-05,5.6540832172144e-06,1.31083887702923e-05,-89.9725542884138,105.011655662661,0.00384198485973288,0.00405701972850411,4.94037311106865e-06,1.3822098876438e-05,-108.641255241176,123.680356615424,0.00382139641485053,0.00407760817338646,1.33052889643033e-05,16.8818887540372,0.00501465268318636,16.2224099939363,NA,NA,NA,NA,NA,NA,NA,NA,NA,NA,NA,NA,NA,NA,NA,NA,NA,NA,NA,NA,NA,NA,NA,NA
"4","treatment","11-228","mar 24",TRUE,"gompertz",FALSE,FALSE,0,1.46084139331462e-05,-11.8166946611957,0.00445282963363839,18.5479582627013,4.11369814210985e-06,48.5357655946456,7.80979399344531e-05,7.84138048937548e-06,2.13754473769169e-05,-91.6580290643876,68.0246397419963,0.00432435852244622,0.00458130074483057,6.54556557461088e-06,2.26712622916815e-05,-106.946795226701,83.3134059043096,0.00429975767136687,0.00460590159590992,1.59075517910295e-05,-12.6545524978094,0.00601577674584641,18.5722164259127,NA,NA,NA,NA,NA,NA,NA,NA,NA,NA,NA,NA,NA,NA,NA,NA,NA,NA,NA,NA,NA,NA,NA,NA
"5","treatment","scc187","mar 24",TRUE,"logistic",FALSE,FALSE,0,1.4836323781009e-05,-9.52296002355731,0.0033699947282018,14.2220544543634,9.42773266076656e-06,85.3982148513395,9.89726315163444e-05,-6.72296445951991e-07,3.034494400797e-05,-150.003023454011,130.957103406896,0.00320718474935741,0.00353280470704618,-3.64203223409345e-06,3.33146797961115e-05,-176.903461132183,157.857541085068,0.00317600837042976,0.00356398108597383,1.85754109353006e-05,-3.82617494689496,0.00516587473644791,14.2477276142266,NA,NA,NA,NA,NA,NA,NA,NA,NA,NA,NA,NA,NA,NA,NA,NA,NA,NA,NA,NA,NA,NA,NA,NA
"6","treatment","ec116","mar 24",TRUE,"logistic",FALSE,FALSE,0,1.545673393596e-05,-8.73668971687053,0.00271796220241165,11.5421975553331,1.30814173618634e-05,88.4268116787044,9.15053444806881e-05,-6.06219762430534e-06,3.69756654962253e-05,-154.198794928339,136.725415494598,0.00256743591074091,0.00286848849408238,-1.01828440932923e-05,4.10963119652123e-05,-182.053240607131,164.57986117339,0.0025386117272295,0.0028973126775938,1.82075225469228e-05,-5.64431848030229,0.00454663131184665,11.562523939655,NA,NA,NA,NA,NA,NA,NA,NA,NA,NA,NA,NA,NA,NA,NA,NA,NA,NA,NA,NA,NA,NA,NA,NA
"7","treatment","p. caro","mar 24",TRUE,"gompertz",FALSE,FALSE,0,1.58604712631831e-05,-14.9099061943426,0.00376076152026078,15.823882837991,6.40111475203322e-06,54.7718941594974,8.02087416374457e-05,5.33063749608844e-06,2.63903050302777e-05,-105.009672086716,75.1898596980306,0.00362881814026718,0.00389270490025437,3.31428634919797e-06,2.84066561771682e-05,-122.262818746958,92.4430063582723,0.00360355238665138,0.00391797065387017,2.09825659186272e-05,-3.62573044443205,0.00503372045920021,15.848590140848,NA,NA,NA,NA,NA,NA,NA,NA,NA,NA,NA,NA,NA,NA,NA,NA,NA,NA,NA,NA,NA,NA,NA,NA
"8","treatment","ec52","mar 24",TRUE,"gompertz",FALSE,FALSE,0,0.00139232636368879,963.49752615349,1.3427964262863,3775.93003416321,3.29052275881674e-05,12.0802164644237,0.00547362994164062,0.00133819726430626,0.00144645546307133,943.625570069513,983.369482237467,1.3337923050323,1.3518005475403,0.00132783211761598,0.0014568206097616,939.82030188322,987.174750423761,1.33206811160068,1.35352474097191,0.00264652150056249,1139.69198172662,1.39001756545747,3766.6590040195,NA,NA,NA,NA,NA,NA,NA,NA,NA,NA,NA,NA,NA,NA,NA,NA,NA,NA,NA,NA,NA,NA,NA,NA
"9","treatment","62-268","mar 24",TRUE,"logistic",FALSE,FALSE,0,0.00179365211678957,1035.94970034381,0.698709203455294,2168.98700794884,0.000110892694267533,13.783302999471,0.0037407648403654,0.00161123363471948,0.00197607059885966,1013.27616690968,1058.62323377794,0.692555645292892,0.704862761617695,0.0015763024360252,0.00201100179755393,1008.93442646485,1062.96497422277,0.691377304368177,0.70604110254241,0.00231020113150843,1082.14437044135,0.768571002933568,2173.19517376933,NA,NA,NA,NA,NA,NA,NA,NA,NA,NA,NA,NA,NA,NA,NA,NA,NA,NA,NA,NA,NA,NA,NA,NA
"10","treatment","ec102","mar 24",TRUE,"logistic",FALSE,FALSE,0,1.41708477038339e-05,11.409370429946,0.00283342289227099,11.9480682945941,9.92206906809099e-06,81.5723301558452,9.13078147443632e-05,-2.15095591317574e-06,3.04926513208436e-05,-122.777112676419,145.595853536311,0.00268322153701651,0.00298362424752546,-5.2764076696244e-06,3.36181030772923e-05,-148.472396675511,171.291137535403,0.00265445957537203,0.00301238620916994,1.37961173347338e-05,-0.414532040701289,0.00450488336067429,11.968658135503,NA,NA,NA,NA,NA,NA,NA,NA,NA,NA,NA,NA,NA,NA,NA,NA,NA,NA,NA,NA,NA,NA,NA,NA
"11","treatment","q1f2","mar 24",TRUE,"gompertz",FALSE,FALSE,0,0.00358470012281616,940.658647337815,1.41912146530362,4491.00972427086,0.000114212718075767,6.89302221171258,0.00413811433510442,0.00339682020158152,0.0037725800440508,929.319625799548,951.997668876082,1.41231426722237,1.42592866338487,0.00336084319538766,0.00380855705024466,927.148323802858,954.168970872772,1.41101076120682,1.42723216940042,0.00405464346822319,960.40232780117,1.49983971114698,4495.36750304615,NA,NA,NA,NA,NA,NA,NA,NA,NA,NA,NA,NA,NA,NA,NA,NA,NA,NA,NA,NA,NA,NA,NA,NA
"12","treatment","q1b4","mar 24",TRUE,"logistic",FALSE,FALSE,0,1.27905914552092e-05,-19.0615027797927,0.00426656601285852,17.7993551736369,4.40552591378451e-06,67.9792801094187,8.33596111478481e-05,5.54350132703367e-06,2.00376815833847e-05,-130.887418559786,92.7644130002011,0.00412943945252031,0.00440369257319673,4.15576066419155e-06,2.14254222462268e-05,-152.300891794253,114.177886234668,0.00410318117500874,0.00442995085070831,1.48996759470943e-05,-16.5755037913469,0.00590444114517507,17.8248792692958,NA,NA,NA,NA,NA,NA,NA,NA,NA,NA,NA,NA,NA,NA,NA,NA,NA,NA,NA,NA,NA,NA,NA,NA
"13","treatment","bb362","mar 24",TRUE,"richards",FALSE,FALSE,0,9.05523867785203e-06,-13.1601845742225,0.00480381457738402,19.1640694450019,1.36156644956283e-06,23.6921623173384,2.85056871204292e-05,6.81546186832117e-06,1.12950154873829e-05,-52.1337915862441,25.8134224377992,0.00475692272207091,0.00485070643269713,6.38656843670888e-06,1.17239089189952e-05,-59.5968227162057,33.2764535677608,0.00474794343062798,0.00485968572414006,1.60348914829682e-05,22.2299447827435,0.00502198939836522,19.1711195844238,NA,NA,NA,NA,NA,NA,NA,NA,NA,NA,NA,NA,NA,NA,NA,NA,NA,NA,NA,NA,NA,NA,NA,NA
"14","treatment","02-343","mar 24",TRUE,"gompertz",FALSE,FALSE,0,4.19616727242156e-06,-367.733968386047,0.00877081173555931,30.110810213119,1.10675343588867e-07,30.0091740953356,5.2039593302418e-05,4.01410633221787e-06,4.37822821262524e-06,-417.099059772874,-318.36887699922,0.00868520660457683,0.00885641686654179,3.97924359898738e-06,4.41309094585574e-06,-426.551949612905,-308.915987159189,0.00866881413268657,0.00887280933843205,1.41010412926619e-05,11.015780663574,0.0090134868275631,30.0823079209189,NA,NA,NA,NA,NA,NA,NA,NA,NA,NA,NA,NA,NA,NA,NA,NA,NA,NA,NA,NA,NA,NA,NA,NA
"15","treatment","ec124","mar 24",TRUE,"gompertz",FALSE,FALSE,0,5.10765121017804e-06,-223.283910603617,0.00697521029417775,26.0042957846329,1.40134613962626e-07,21.3262245686268,2.84447905946087e-05,4.87712977020952e-06,5.33817265014656e-06,-258.365550019008,-188.202271188226,0.00692841861364962,0.00702200197470588,4.83298736681129e-06,5.38231505354479e-06,-265.083310758126,-181.484510449109,0.00691945850461232,0.00703096208374319,1.15981724529879e-05,1.72139312142219,0.00701296850978446,25.9882609998014,NA,NA,NA,NA,NA,NA,NA,NA,NA,NA,NA,NA,NA,NA,NA,NA,NA,NA,NA,NA,NA,NA,NA,NA
"16","treatment","11-228","mar 24",TRUE,"gompertz",FALSE,FALSE,0,6.27989072617959e-06,-146.540156538148,0.0059632104366186,23.2859684124264,1.86866097172127e-07,16.3421229104308,2.00655328991592e-05,5.97249599633144e-06,6.58728545602774e-06,-173.422948725807,-119.657364350489,0.00593020263499948,0.00599621823823772,5.91363317572222e-06,6.64614827663696e-06,-178.570717442593,-114.509595633704,0.00592388199213625,0.00600253888110095,1.40961922706188e-05,-3.75239237169051,0.0060063131853958,23.2816258948333,NA,NA,NA,NA,NA,NA,NA,NA,NA,NA,NA,NA,NA,NA,NA,NA,NA,NA,NA,NA,NA,NA,NA,NA
"17","treatment","scc187","mar 24",TRUE,"gompertz",FALSE,FALSE,0,8.00606094266277e-06,-142.354077460914,0.00688924975693597,27.2317966155933,8.39538410916637e-07,52.7181198228365,7.51158118883436e-05,6.62502025670491e-06,9.38710162862064e-06,-229.07538456948,-55.632770352348,0.00676568424637964,0.00701281526749229,6.36056565726617e-06,9.65155622805938e-06,-245.681592313674,-39.0265626081545,0.00674202276563481,0.00703647674823712,2.55861319361888e-05,3.49504135872761,0.00785330346406801,27.2652925169992,NA,NA,NA,NA,NA,NA,NA,NA,NA,NA,NA,NA,NA,NA,NA,NA,NA,NA,NA,NA,NA,NA,NA,NA
"18","treatment","ec116","mar 24",TRUE,"gompertz",FALSE,FALSE,0,5.18290352127596e-06,-280.508641215428,0.00700378814963028,26.4872759076008,1.34010369525973e-07,20.4703386328587,2.49799644777349e-05,4.96245646340574e-06,5.40335057914619e-06,-314.182348266481,-246.834934164376,0.00696269610806441,0.00704488019119616,4.92024319700506e-06,5.44556384554687e-06,-320.630504935831,-240.386777495025,0.00695482741925392,0.00705274888000664,1.27604173338045e-05,-21.3271905571141,0.0070032708614766,26.4792653948444,NA,NA,NA,NA,NA,NA,NA,NA,NA,NA,NA,NA,NA,NA,NA,NA,NA,NA,NA,NA,NA,NA,NA,NA
"19","treatment","p. caro","mar 24",TRUE,"gompertz",FALSE,FALSE,0,5.74897410097846e-06,-318.430835457721,0.00804893665484586,30.4524639449659,1.48835099123891e-07,21.4759530823646,2.86996066939062e-05,5.50414036291965e-06,5.99380783903726e-06,-353.758778278211,-283.102892637231,0.00800172580183438,0.00809614750785733,5.45725730669563e-06,6.04069089526128e-06,-360.523703499155,-276.337967416286,0.0079926854257258,0.00810518788396591,2.45802368030243e-05,2.73673985148342,0.00849524486521135,30.4482870300632,NA,NA,NA,NA,NA,NA,NA,NA,NA,NA,NA,NA,NA,NA,NA,NA,NA,NA,NA,NA,NA,NA,NA,NA
"20","treatment","ec52","mar 24",TRUE,"gompertz",FALSE,FALSE,0,0.00129086868145604,866.822458405649,1.59409849413559,4387.36135562363,3.52142398721712e-05,17.4861110884701,0.00924260676296808,0.00123294125686632,0.00134879610604576,838.057805665115,895.587111146182,1.5788944060105,1.60930258226067,0.00122184877130658,0.0013598885916055,832.549680672247,901.09523613905,1.57598298488017,1.612214003391,0.00275833824786653,1080.57927214869,1.66813986046564,4363.6065644646,NA,NA,NA,NA,NA,NA,NA,NA,NA,NA,NA,NA,NA,NA,NA,NA,NA,NA,NA,NA,NA,NA,NA,NA
"21","treatment","62-268","mar 24",TRUE,"gompertz",FALSE,FALSE,0,0.000929872193237744,802.346379475954,1.08245377259932,3093.13801718746,2.59074066300208e-05,16.9795887471669,0.00592791566977658,0.00088725450933136,0.000972489877144128,774.414955986864,830.277802965043,1.07270235132254,1.09220519387611,0.000879093676242903,0.000980650710232585,769.066385531507,835.626373420401,1.07083505788656,1.09407248731209,0.00263367699766096,1054.17160764304,1.13879394932345,3079.13085047718,NA,NA,NA,NA,NA,NA,NA,NA,NA,NA,NA,NA,NA,NA,NA,NA,NA,NA,NA,NA,NA,NA,NA,NA
"22","treatment","ec102","mar 24",TRUE,"gompertz",FALSE,FALSE,0,5.87401596868033e-06,-127.094077257983,0.0060179833560841,23.14149032922,1.57911586110048e-07,15.6288062961655,2.00826756511728e-05,5.61425140952931e-06,6.13378052783136e-06,-152.803463615176,-101.384690900791,0.00598494735463792,0.00605101935753028,5.56450925990464e-06,6.18352267745603e-06,-157.726537598468,-96.4616169174988,0.0059786213118078,0.0060573454003604,1.2611773479462e-05,15.4074916557674,0.00610493574324269,23.1300336502346,NA,NA,NA,NA,NA,NA,NA,NA,NA,NA,NA,NA,NA,NA,NA,NA,NA,NA,NA,NA,NA,NA,NA,NA
"23","treatment","q1f2","mar 24",TRUE,"gompertz",FALSE,FALSE,0,0.00309140922070475,900.783007907437,1.61845805098847,5066.50202963581,5.04721684935587e-05,4.6491200026669,0.00286023341447744,0.00300838250353284,0.00317443593787665,893.13520550305,908.430810311824,1.61375296702166,1.62316313495529,0.00299248377045737,0.00319033467095212,891.67073270221,909.895283112664,1.6128519934961,1.62406410848085,0.00423666572840771,951.908146913533,1.65526930632535,5062.64200652282,NA,NA,NA,NA,NA,NA,NA,NA,NA,NA,NA,NA,NA,NA,NA,NA,NA,NA,NA,NA,NA,NA,NA,NA
"24","treatment","q1b4","mar 24",TRUE,"gompertz",FALSE,FALSE,0,5.53184223200666e-06,-235.721441066965,0.00802519532009928,29.6078866780645,1.24339410505024e-07,18.4533102154421,2.83286127660404e-05,5.32730390172589e-06,5.73638056228742e-06,-266.077136371367,-205.365745762563,0.00797859475209914,0.00807179588809941,5.28813698741681e-06,5.7755474765965e-06,-271.889929089231,-199.552953044698,0.00796967123907784,0.00808071940112072,2.14248113275509e-05,26.7421722104057,0.00801464570926104,29.5966283151556,NA,NA,NA,NA,NA,NA,NA,NA,NA,NA,NA,NA,NA,NA,NA,NA,NA,NA,NA,NA,NA,NA,NA,NA
"27","control","ec124","mar 24",TRUE,"logistic",FALSE,FALSE,0,9.73391141009353e-07,3141.02470868374,0.00112998005149884,0.730670794534094,1.1304279195287e-07,71.0615015562713,0.000162519866165377,7.87435748246881e-07,1.15934653377182e-06,3024.12853862367,3257.92087874381,0.000862634871656794,0.00139732523134088,7.51827268781727e-07,1.19495501323698e-06,3001.74416563345,3280.30525173403,0.0008114411138147,0.00144851898918298,7.92983618879775e-07,3031.42173150837,0.00103368812962793,0.727227128025625,NA,NA,NA,NA,NA,NA,NA,NA,NA,NA,NA,NA,NA,NA,NA,NA,NA,NA,NA,NA,NA,NA,NA,NA
"30","control","ec116","mar 24",TRUE,"logistic",FALSE,FALSE,0,1.35543661997948e-06,1352.02371528422,0.00100464069367027,2.62448452859033,1.66649657702804e-07,51.749994002024,1.73837447484032e-05,1.08129793305837e-06,1.62957530690059e-06,1266.89497515089,1437.15245541755,0.000976044433559144,0.00103323695378139,1.02880329088198e-06,1.68206994907698e-06,1250.59372704025,1453.45370352818,0.000970568553963397,0.00103871283337714,1.02969845092973e-06,1234.43376988963,0.00101734023864604,2.61746704829978,NA,NA,NA,NA,NA,NA,NA,NA,NA,NA,NA,NA,NA,NA,NA,NA,NA,NA,NA,NA,NA,NA,NA,NA
"31","control","p. caro","mar 24",TRUE,"logistic",FALSE,FALSE,0,8.10328297500679e-07,1500.71391274335,0.00102840061567423,2.26211129577905,1.04634751764933e-07,90.9033938946015,3.20286402724561e-05,6.38204130847365e-07,9.82452464153994e-07,1351.17782978673,1650.24999569997,0.000975713502426037,0.00108108772892242,6.05244184041411e-07,1.01541241095995e-06,1322.54326070994,1678.88456477677,0.000965624480740213,0.00109117675060824,6.61751934995447e-07,1354.97333949155,0.00103471324126079,2.27236143868424,NA,NA,NA,NA,NA,NA,NA,NA,NA,NA,NA,NA,NA,NA,NA,NA,NA,NA,NA,NA,NA,NA,NA,NA
"32","control","ec52","mar 24",TRUE,"gompertz",FALSE,FALSE,0,0.00125935935869043,854.232975117821,1.57869413620403,4347.84254632601,3.61022482641537e-05,18.6275319233797,0.00973460137964585,0.00119997116029589,0.00131874755708496,823.590685103861,884.87526513178,1.56268071693451,1.59470755547354,0.00118859895209268,0.00133011976528817,817.723012547997,890.742937687645,1.55961431749992,1.59777395490813,0.00287157489095031,1076.92556998415,1.68293008893178,4319.64538499792,NA,NA,NA,NA,NA,NA,NA,NA,NA,NA,NA,NA,NA,NA,NA,NA,NA,NA,NA,NA,NA,NA,NA,NA
"33","control","62-268","mar 24",TRUE,"gompertz",FALSE,FALSE,0,0.00199110654147361,977.248778062108,1.44267693101637,4237.64073445161,4.44601570692617e-05,8.70944590754465,0.0044324847117953,0.00191796958309468,0.00206424349985255,962.921739544197,991.575816580019,1.43538549366546,1.44996836836727,0.00190396463361786,0.00207824844932936,960.178264083321,994.319292040896,1.43398926098125,1.45136460105148,0.00269187999162855,1057.50164483999,1.53433056553552,4234.51531725746,NA,NA,NA,NA,NA,NA,NA,NA,NA,NA,NA,NA,NA,NA,NA,NA,NA,NA,NA,NA,NA,NA,NA,NA
"35","control","q1f2","mar 24",TRUE,"gompertz",FALSE,FALSE,0,0.00348739864361878,933.216834213007,1.67330762270413,5226.38105687863,4.38300574749985e-05,3.28518990775285,0.00216558597333216,0.0034152981990724,0.00355949908816515,927.812696814754,938.620971611261,1.669745233778,1.67687001163026,0.00340149173096778,0.00357330555626977,926.777861993812,939.655806432203,1.6690630741964,1.67755217121186,0.00468388815217414,977.10911232485,1.69479365310689,5222.60098239366,NA,NA,NA,NA,NA,NA,NA,NA,NA,NA,NA,NA,NA,NA,NA,NA,NA,NA,NA,NA,NA,NA,NA,NA
"36","control","q1b4","mar 24",TRUE,"logistic",FALSE,FALSE,0,1.30550023772529e-06,1682.98522387917,0.000990660077646463,2.2513684446965,1.75744115374355e-07,57.8328373848557,2.09226265340556e-05,1.01640116793447e-06,1.5945993075161e-06,1587.85020638108,1778.12024137726,0.000956242356997942,0.00102507779829498,9.61041771591551e-07,1.64995870385902e-06,1569.63286260485,1796.33758515349,0.000949651729639714,0.00103166842565321,1.00788626519933e-06,1569.27572934594,0.00100800124930711,2.24249321201898,NA,NA,NA,NA,NA,NA,NA,NA,NA,NA,NA,NA,NA,NA,NA,NA,NA,NA,NA,NA,NA,NA,NA,NA
"38","control","02-343","mar 24",TRUE,"gompertz",FALSE,FALSE,0,1.05024021138491e-06,1441.20277287237,0.00329590270275815,4.33513674812269,4.31931222521915e-08,51.0443051083182,0.000225315617479913,9.7918752528006e-07,1.12129289748977e-06,1357.23489096919,1525.17065477556,0.0029252585120037,0.00366654689351261,9.65581691770619e-07,1.13489873099921e-06,1341.15593486007,1541.24961088468,0.00285428409249752,0.00373752131301879,2.1725689414456e-06,1544.39576669981,0.00287626865191654,4.28340332552349,NA,NA,NA,NA,NA,NA,NA,NA,NA,NA,NA,NA,NA,NA,NA,NA,NA,NA,NA,NA,NA,NA,NA,NA
"41","control","scc187","mar 24",TRUE,"gompertz.exp",FALSE,FALSE,0,0,NA,0,NA,NA,NA,NA,NA,NA,NA,NA,NA,NA,NA,NA,NA,NA,NA,NA,0.000267755168359538,0.182565493501682,0.0232377917987836,29.0602745657455,NA,NA,NA,NA,NA,NA,NA,NA,NA,NA,NA,NA,NA,NA,NA,NA,NA,NA,NA,NA,NA,NA,NA,NA
"42","control","ec116","mar 24",TRUE,"logistic",FALSE,FALSE,0,9.28811995334947e-07,3028.35493726285,0.000891748526706817,0.743846772422299,1.62834699151717e-07,87.9012630691952,8.71882449006705e-05,6.60948915230373e-07,1.19667507543952e-06,2883.75735951403,3172.95251501168,0.000748323863845214,0.00103517318956842,6.09655984997582e-07,1.24796800567231e-06,2856.06846164723,3200.64141287847,0.000720859566701503,0.00106263748671213,8.06453178418207e-07,2967.26363522379,0.000880458398066788,0.758390941836209,NA,NA,NA,NA,NA,NA,NA,NA,NA,NA,NA,NA,NA,NA,NA,NA,NA,NA,NA,NA,NA,NA,NA,NA
"43","control","p. caro","mar 24",TRUE,"gompertz.exp",FALSE,FALSE,0,0,NA,0,NA,NA,NA,NA,NA,NA,NA,NA,NA,NA,NA,NA,NA,NA,NA,NA,0.000152154634074717,1.8781418109402,0.0170924563408258,20.5078464434519,NA,NA,NA,NA,NA,NA,NA,NA,NA,NA,NA,NA,NA,NA,NA,NA,NA,NA,NA,NA,NA,NA,NA,NA
"44","control","ec52","mar 24",TRUE,"gompertz",FALSE,FALSE,0,0.00134356054693318,861.068116556368,1.59661856476843,4446.33120321036,3.81007753158734e-05,17.5730452846358,0.00923548404874881,0.00128088477153856,0.00140623632232779,832.160457063142,889.975776049594,1.58142619350824,1.61181093602862,0.00126888302731406,0.00141823806655229,826.624947798482,895.511285314254,1.57851701603288,1.61472011350398,0.0030540318544534,1076.72801366457,1.6971609301167,4419.8174174045,NA,NA,NA,NA,NA,NA,NA,NA,NA,NA,NA,NA,NA,NA,NA,NA,NA,NA,NA,NA,NA,NA,NA,NA
"45","control","62-268","mar 24",TRUE,"gompertz",FALSE,FALSE,0,0.00233963753799554,1029.49692631685,1.53395770423225,4486.95750684138,5.02157749350985e-05,7.5991044352738,0.0042608290824219,0.0022570325882273,0.00242224248776378,1016.99639952082,1041.99745311287,1.52694864039167,1.54096676807283,0.00224121461912275,0.00243806045686833,1014.60268162371,1044.39117100998,1.5256064792307,1.5423089292338,0.00303082978504856,1092.91924846877,1.62856453612484,4486.49594996497,NA,NA,NA,NA,NA,NA,NA,NA,NA,NA,NA,NA,NA,NA,NA,NA,NA,NA,NA,NA,NA,NA,NA,NA
"47","control","q1f2","mar 24",TRUE,"gompertz",FALSE,FALSE,0,0.00350336318447774,931.998980161098,1.67960216802883,5248.46669182896,4.3085312913464e-05,3.21211340648922,0.00212548034673826,0.00343248784473509,0.00357423852422039,926.715053607423,937.282906714772,1.67610575285845,1.68309858319921,0.00341891597116735,0.00358781039778813,925.703237884379,938.294722437817,1.67543622654922,1.68376810950844,0.00458658690468966,971.919010711249,1.70026362977877,5245.76612674867,NA,NA,NA,NA,NA,NA,NA,NA,NA,NA,NA,NA,NA,NA,NA,NA,NA,NA,NA,NA,NA,NA,NA,NA
"48","control","q1b4","mar 24",TRUE,"logistic",FALSE,FALSE,0,2.59346000554547e-06,1518.20871426579,0.000991298076627618,2.60282654033629,4.16170936382548e-07,35.073334430385,1.49709838463668e-05,1.90885881519618e-06,3.27806119589476e-06,1460.51307912781,1575.90434940378,0.000966670808200345,0.00101592534505489,1.77776497023568e-06,3.40915504085526e-06,1449.46497878224,1586.95244974935,0.000961954948288739,0.0010206412049665,2.96909752132961e-06,1548.56625725929,0.00100290154588046,2.63250106138107,NA,NA,NA,NA,NA,NA,NA,NA,NA,NA,NA,NA,NA,NA,NA,NA,NA,NA,NA,NA,NA,NA,NA,NA
"49","treatment","ec102","mar 24",TRUE,"gompertz",FALSE,FALSE,0,5.09781875361033e-06,-208.510646227712,0.00596564083519869,22.8383673547954,1.57872900031545e-07,21.0333365425524,2.36742216359736e-05,4.83811783305844e-06,5.35751967416222e-06,-243.110484840211,-173.910807615213,0.00592669674060752,0.00600458492978987,4.7883878695485e-06,5.40724963767216e-06,-249.735985851115,-167.285306604309,0.00591923936079219,0.0060120423096052,1.12079167158638e-05,-10.0893762921838,0.00600807440732877,22.8281513684108,NA,NA,NA,NA,NA,NA,NA,NA,NA,NA,NA,NA,NA,NA,NA,NA,NA,NA,NA,NA,NA,NA,NA,NA
"50","treatment","p. caro","mar 24",TRUE,"gompertz",FALSE,FALSE,0,3.9615113310639e-06,-394.167907426826,0.00722282765540791,26.0268738679325,1.27063676856665e-07,33.4414125081191,4.17050404510479e-05,3.75249158263468e-06,4.17053107949311e-06,-449.179031002682,-339.15678385097,0.00715422286386594,0.00729143244694988,3.71246652442483e-06,4.21055613770296e-06,-459.713075942739,-328.622738910913,0.00714108577612385,0.00730456953469196,1.96851662113031e-05,22.8678889115574,0.00788933855564122,26.0147021343724,NA,NA,NA,NA,NA,NA,NA,NA,NA,NA,NA,NA,NA,NA,NA,NA,NA,NA,NA,NA,NA,NA,NA,NA
"51","treatment","ec52","mar 24",TRUE,"gompertz",FALSE,FALSE,0,0.00141151086944989,890.558732818114,1.61085015461753,4482.32970732537,3.85305261721759e-05,16.3002061416028,0.00868881736510915,0.00134812815389666,0.00147489358500311,863.744893715177,917.37257192105,1.59655705005192,1.62514325918313,0.00133599103815242,0.00148703070074735,858.610328780572,922.507136855655,1.59382007258191,1.62788023665314,0.00282730348680537,1080.87923148537,1.71673690294094,4460.12477248917,NA,NA,NA,NA,NA,NA,NA,NA,NA,NA,NA,NA,NA,NA,NA,NA,NA,NA,NA,NA,NA,NA,NA,NA
"52","treatment","62-268","mar 24",TRUE,"gompertz",FALSE,FALSE,0,0.000847640701854013,784.220140987161,1.13538767008965,3150.22429327768,2.37238840622694e-05,19.3161163423381,0.00718607933677507,0.00080861491257158,0.000886666491136446,752.445129604015,815.995152370307,1.12356656958066,1.14720877059865,0.000801141889091965,0.000894139514616061,746.360552956178,822.079729018144,1.12130295458957,1.14947238558973,0.00278003298099574,1073.96550528801,1.16293210763213,3132.7755935932,NA,NA,NA,NA,NA,NA,NA,NA,NA,NA,NA,NA,NA,NA,NA,NA,NA,NA,NA,NA,NA,NA,NA,NA
"53","treatment","q1f2","mar 24",TRUE,"gompertz",FALSE,FALSE,0,0.00315086730219424,900.768988741676,1.6546076861425,5178.15988772816,5.54603620682819e-05,5.02712045834045,0.00315870081633559,0.00305963500659191,0.00324209959779656,892.499375587706,909.038601895646,1.64941162329963,1.65980374898537,0.0030421649925404,0.00325956961184807,890.915832643328,910.622144840023,1.64841663254248,1.66079873974252,0.00432992103684867,948.705983829722,1.69109057222108,5173.62640465349,NA,NA,NA,NA,NA,NA,NA,NA,NA,NA,NA,NA,NA,NA,NA,NA,NA,NA,NA,NA,NA,NA,NA,NA
"54","treatment","q1b4","mar 24",TRUE,"gompertz",FALSE,FALSE,0,4.2932859068019e-06,-407.813815933461,0.00790423953535522,28.486207383432,1.24259281719378e-07,30.5523341879336,4.12165266404037e-05,4.08887938837352e-06,4.49769242523028e-06,-458.072405672612,-357.555226194311,0.00783643834903176,0.00797204072167869,4.04973771463192e-06,4.53683409897188e-06,-467.696390941811,-347.931240925111,0.00782345514314003,0.00798502392757041,1.89142748421302e-05,11.8926348878381,0.00801221551611741,28.4699174942152,NA,NA,NA,NA,NA,NA,NA,NA,NA,NA,NA,NA,NA,NA,NA,NA,NA,NA,NA,NA,NA,NA,NA,NA
"55","treatment","02-343","mar 24",TRUE,"gompertz",FALSE,FALSE,0,3.19949659480209e-06,-662.508387545986,0.0129104664663802,34.6634686784037,8.46276971660573e-08,48.3763614667836,0.000216954624465811,3.06028403296392e-06,3.33870915664025e-06,-742.087502158845,-582.929272933128,0.0125535761091339,0.0132673568236264,3.03362630835661e-06,3.36536688124756e-06,-757.326056020882,-567.690719071091,0.0124852354024272,0.0133356975303332,1.46007067693365e-05,18.6678262901032,0.0130695031932601,34.6125535555013,NA,NA,NA,NA,NA,NA,NA,NA,NA,NA,NA,NA,NA,NA,NA,NA,NA,NA,NA,NA,NA,NA,NA,NA
"56","treatment","ec124","mar 24",TRUE,"gompertz",FALSE,FALSE,0,4.56331425787719e-06,-361.931973504716,0.0077430799907011,28.2589527620957,1.47117125053592e-07,31.4940879381106,4.19886680238126e-05,4.32130658716404e-06,4.80532192859035e-06,-413.739748162908,-310.124198846524,0.00767400863180192,0.00781215134960027,4.27496469277215e-06,4.85166382298223e-06,-423.660385863413,-300.203561146019,0.00766078220137442,0.00782537778002777,1.15872478941084e-05,-32.2716613644277,0.00813945939435008,28.2411066499376,NA,NA,NA,NA,NA,NA,NA,NA,NA,NA,NA,NA,NA,NA,NA,NA,NA,NA,NA,NA,NA,NA,NA,NA
"57","treatment","11-228","mar 24",TRUE,"gompertz",FALSE,FALSE,0,4.229405932913e-06,-383.657998897467,0.00801673626375824,28.4977478477559,1.08209194890879e-07,27.3102615243355,3.94129264478792e-05,4.05140180731751e-06,4.4074100585085e-06,-428.583379104999,-338.732618689935,0.00795190199975148,0.008081570527765,4.01731591092688e-06,4.44149595489912e-06,-437.186111485164,-330.129886309769,0.0079394869279204,0.00809398559959609,1.97362387134706e-05,13.0400668202575,0.00816343761316766,28.485063357689,NA,NA,NA,NA,NA,NA,NA,NA,NA,NA,NA,NA,NA,NA,NA,NA,NA,NA,NA,NA,NA,NA,NA,NA
"58","treatment","bb362","mar 24",TRUE,"gompertz.exp",FALSE,FALSE,0,0,NA,0,NA,NA,NA,NA,NA,NA,NA,NA,NA,NA,NA,NA,NA,NA,NA,NA,0.000173829153966147,9.44634050287316,0.0127190465310628,16.436018274421,NA,NA,NA,NA,NA,NA,NA,NA,NA,NA,NA,NA,NA,NA,NA,NA,NA,NA,NA,NA,NA,NA,NA,NA
"59","treatment","scc187","mar 24",TRUE,"gompertz",FALSE,FALSE,0,3.92180119028275e-06,-323.29658188509,0.0075706029871786,26.3989802278791,1.19029430693326e-07,32.1315808704513,4.77948381979066e-05,3.72599777679223e-06,4.11760460377327e-06,-376.153032416983,-270.440131353198,0.00749198047834304,0.00764922549601415,3.68850350612383e-06,4.15509887444167e-06,-386.274480391175,-260.318683379005,0.0074769251043107,0.00766428087004649,1.19857370485941e-05,26.4073681036167,0.00800662313694087,26.3711891825527,NA,NA,NA,NA,NA,NA,NA,NA,NA,NA,NA,NA,NA,NA,NA,NA,NA,NA,NA,NA,NA,NA,NA,NA
"60","treatment","ec116","mar 24",TRUE,"gompertz",FALSE,FALSE,0,4.18194985586944e-06,-366.303909376855,0.00766459234191841,27.4118561055477,1.30206873283609e-07,32.2281021622924,4.44278494708186e-05,3.9677595493179e-06,4.39614016242098e-06,-419.319137433826,-313.288681319885,0.00759150852953891,0.00773767615429791,3.92674438423357e-06,4.43715532750531e-06,-429.470989614949,-303.136829138762,0.00757751375695561,0.00775167092688122,1.22869241962457e-05,-1.07145228908113,0.00801696405223021,27.3887575076502,NA,NA,NA,NA,NA,NA,NA,NA,NA,NA,NA,NA,NA,NA,NA,NA,NA,NA,NA,NA,NA,NA,NA,NA
"61","treatment","ec102","mar 24",TRUE,"gompertz",FALSE,FALSE,0,2.64898161612948e-06,189.478688425868,0.00299381691032603,10.4438810373464,1.13961990199005e-07,25.8766493972177,2.12077075215747e-05,2.46151414225211e-06,2.83644909000684e-06,146.911600167445,232.045776684291,0.00295893023145304,0.00302870358919902,2.42561611533943e-06,2.87234711691953e-06,138.760455607321,240.196921244415,0.00295224980358374,0.00303538401706832,4.98111141699786e-06,271.323952289097,0.00300481709349706,10.4196426434497,NA,NA,NA,NA,NA,NA,NA,NA,NA,NA,NA,NA,NA,NA,NA,NA,NA,NA,NA,NA,NA,NA,NA,NA
"62","treatment","p. caro","mar 24",TRUE,"gompertz",FALSE,FALSE,0,3.54912636038159e-06,-483.903172675694,0.00787430772249046,27.1892252661704,1.16746306985807e-07,40.542711798913,5.79531564016405e-05,3.35707868538994e-06,3.74117403537325e-06,-550.595933584906,-417.210411766482,0.00777897478020976,0.00796964066477115,3.32030359868941e-06,3.77794912207378e-06,-563.366887801564,-404.439457549825,0.00776071953594324,0.00798789590903767,1.24867146637186e-05,14.6205135128942,0.00800344106161358,27.1652008892282,NA,NA,NA,NA,NA,NA,NA,NA,NA,NA,NA,NA,NA,NA,NA,NA,NA,NA,NA,NA,NA,NA,NA,NA
"63","treatment","ec52","mar 24",TRUE,"gompertz",FALSE,FALSE,0,0.00135706961859398,882.838561694764,1.57352354164815,4373.99279728991,3.83730406472955e-05,17.1308607811568,0.0089110934612953,0.00129394596672918,0.00142019327045878,854.658295709761,911.018827679767,1.55886479290432,1.58818229039198,0.00128185845892528,0.00143228077826268,849.262074563697,916.415048825831,1.55605779846401,1.59098928483229,0.00274125061213802,1080.35810058725,1.69520515803631,4351.69297053025,NA,NA,NA,NA,NA,NA,NA,NA,NA,NA,NA,NA,NA,NA,NA,NA,NA,NA,NA,NA,NA,NA,NA,NA
"64","treatment","62-268","mar 24",TRUE,"gompertz",FALSE,FALSE,0,0.000909403130494687,799.973289981643,1.17500045396389,3273.67287301057,2.34050655699416e-05,17.2049318103679,0.00660785477179488,0.000870901797632133,0.000947904463357241,771.671177153588,828.275402809698,1.16413053286428,1.18587037506349,0.000863529201977602,0.000955277059011773,766.251623633322,833.694956329964,1.16204905861117,1.1879518493166,0.00276035110059134,1070.72150082913,1.20220130937884,3257.64337367022,NA,NA,NA,NA,NA,NA,NA,NA,NA,NA,NA,NA,NA,NA,NA,NA,NA,NA,NA,NA,NA,NA,NA,NA
"65","treatment","q1f2","mar 24",TRUE,"gompertz",FALSE,FALSE,0,0.00309121744238253,897.905549674086,1.6667517124873,5207.33866567087,5.53272741866246e-05,5.24573425036893,0.00328998048169083,0.00300020407634553,0.00318223080841953,889.276316832229,906.534782515943,1.66133969459492,1.67216373037968,0.00298277598497674,0.00319965889978831,887.623910543363,908.187188804809,1.66030335074319,1.67320007423142,0.00449878648218473,958.0077371819,1.70549802378181,5203.15287979853,NA,NA,NA,NA,NA,NA,NA,NA,NA,NA,NA,NA,NA,NA,NA,NA,NA,NA,NA,NA,NA,NA,NA,NA
"66","treatment","q1b4","mar 24",TRUE,"gompertz",FALSE,FALSE,0,3.26872721555946e-06,-291.24518765854,0.00595061022058158,20.9654913446698,1.07327225422882e-07,32.9110772789564,3.85520074131848e-05,3.09217392973882e-06,3.4452805013801e-06,-345.383909782424,-237.106465534657,0.00588719216838689,0.00601402827277627,3.05836585373061e-06,3.47908857738831e-06,-355.750899125295,-226.739476191786,0.00587504828605174,0.00602617215511142,8.9493520672668e-06,26.1899536869407,0.00611177316674136,20.9409386839884,NA,NA,NA,NA,NA,NA,NA,NA,NA,NA,NA,NA,NA,NA,NA,NA,NA,NA,NA,NA,NA,NA,NA,NA
"67","treatment","02-343","mar 24",TRUE,"gompertz",FALSE,FALSE,0,3.44601556360905e-06,-658.544628204494,0.0103920487145634,32.8688232605773,9.80009684009817e-08,44.5487268341885,0.000100218372847356,3.28480397058943e-06,3.60722715662866e-06,-731.827283846734,-585.261972562254,0.0102271894912295,0.0105569079378973,3.25393366554313e-06,3.63809746167497e-06,-745.860132799504,-571.229123609485,0.0101956207037826,0.0105884767253442,1.49245963308674e-05,-6.70423079879746,0.0105071408170669,32.8453962080951,NA,NA,NA,NA,NA,NA,NA,NA,NA,NA,NA,NA,NA,NA,NA,NA,NA,NA,NA,NA,NA,NA,NA,NA
"68","treatment","ec124","mar 24",TRUE,"gompertz",FALSE,FALSE,0,3.70763120962793e-06,-352.639522255348,0.00669304526378437,23.9692872072568,1.33195348916577e-07,36.5847730718426,4.4392509596525e-05,3.48852486066016e-06,3.9267375585957e-06,-412.821473958529,-292.457570552167,0.00662001958549809,0.00676607094207065,3.44656832575144e-06,3.96869409350442e-06,-424.34567747616,-280.933367034537,0.00660603594497518,0.00678005458259356,1.52550743753104e-05,20.1050741653269,0.00703791552754759,23.9483483558143,NA,NA,NA,NA,NA,NA,NA,NA,NA,NA,NA,NA,NA,NA,NA,NA,NA,NA,NA,NA,NA,NA,NA,NA
"69","treatment","11-228","mar 24",TRUE,"gompertz",FALSE,FALSE,0,3.69565895586649e-06,-347.06280327189,0.00701965320953194,24.7347723090516,1.11445480719983e-07,31.8082562516103,4.21623715512053e-05,3.51233114008212e-06,3.87898677165086e-06,-399.387384805789,-294.738221737991,0.0069502961083302,0.00708901031073367,3.47722581365533e-06,3.91409209807766e-06,-409.406985525046,-284.718621018734,0.00693701496129157,0.0071022914577723,1.11366540225027e-05,24.5692929720746,0.00734004741655139,24.7108687144956,NA,NA,NA,NA,NA,NA,NA,NA,NA,NA,NA,NA,NA,NA,NA,NA,NA,NA,NA,NA,NA,NA,NA,NA
"70","treatment","bb362","mar 24",TRUE,"gompertz",FALSE,FALSE,0,4.55832687887193e-06,-369.4143991612,0.00793185851787698,28.8006536612817,1.30882611338871e-07,28.6582788865446,3.93482372932984e-05,4.34302498321949e-06,4.77362877452438e-06,-416.557267929566,-322.271530392834,0.00786713066752951,0.00799658636822446,4.30179696064775e-06,4.81485679709612e-06,-425.584625778827,-313.244172543572,0.00785473597278212,0.00800898106297185,1.71512988616969e-05,8.07294794973123,0.00813375099078726,28.7844663950052,NA,NA,NA,NA,NA,NA,NA,NA,NA,NA,NA,NA,NA,NA,NA,NA,NA,NA,NA,NA,NA,NA,NA,NA
"71","treatment","scc187","mar 24",TRUE,"gompertz",FALSE,FALSE,0,3.68115889891986e-06,-375.716242880043,0.00729359357356297,25.5303711864269,1.24310737414174e-07,37.0935956284374,5.08269105373748e-05,3.47666773587355e-06,3.88565006196618e-06,-436.735207688822,-314.697278071263,0.00720998330572899,0.00737720384139695,3.43750985358808e-06,3.92480794425164e-06,-448.41969031178,-303.012795448305,0.00719397282890972,0.00739321431821622,1.09508698727406e-05,10.4009536170802,0.00800846424666043,25.4997617783904,NA,NA,NA,NA,NA,NA,NA,NA,NA,NA,NA,NA,NA,NA,NA,NA,NA,NA,NA,NA,NA,NA,NA,NA
"72","treatment","ec116","mar 24",TRUE,"gompertz",FALSE,FALSE,0,6.58637538317412e-06,-891.097827212888,0.0128638626923136,49.6366609736346,2.25212686395836e-07,46.9527294640932,5.19043026213358e-05,6.21590051405297e-06,6.95685025229527e-06,-968.335067181322,-813.860587244455,0.0127784801145015,0.0129492452701257,6.14495851783828e-06,7.02779224850996e-06,-983.125176962511,-799.070477463266,0.0127621302591758,0.0129655951254514,0.000541766367191089,14.9175549714688,0.0131013631345414,49.6823180039422,NA,NA,NA,NA,NA,NA,NA,NA,NA,NA,NA,NA,NA,NA,NA,NA,NA,NA,NA,NA,NA,NA,NA,NA
"73","treatment","ec102","mar 24",TRUE,"gompertz",FALSE,FALSE,0,9.2033720736513e-06,-56.5201550931025,0.00477038919811323,19.4611072736799,7.05694545717928e-07,22.8685754879417,2.92533508388711e-05,8.04250454594531e-06,1.03642396013573e-05,-94.1389617707666,-18.9013484154384,0.00472226743598328,0.00481851096024317,7.82021076404416e-06,1.05865333832584e-05,-101.342563049468,-11.6977471367368,0.00471305263046904,0.00482772576575741,1.17692703591503e-05,-29.1700143730713,0.00514679008689839,19.4663165890907,NA,NA,NA,NA,NA,NA,NA,NA,NA,NA,NA,NA,NA,NA,NA,NA,NA,NA,NA,NA,NA,NA,NA,NA
"74","treatment","p. caro","mar 24",TRUE,"gompertz",FALSE,FALSE,0,3.97099849592676e-06,-366.448156068464,0.00791498699914148,27.5945336302837,1.0863129302987e-07,30.0797549279519,4.54394264415859e-05,3.79230001889262e-06,4.1496969729609e-06,-415.929352924945,-316.966959211983,0.00784023914264507,0.00798973485563789,3.75808116158821e-06,4.18391583026531e-06,-425.40447572725,-307.491836409679,0.00782592572331597,0.00800404827496699,1.58223098517562e-05,21.806821748039,0.00800784456568007,27.5710721949459,NA,NA,NA,NA,NA,NA,NA,NA,NA,NA,NA,NA,NA,NA,NA,NA,NA,NA,NA,NA,NA,NA,NA,NA
"75","treatment","ec52","mar 24",TRUE,"gompertz",FALSE,FALSE,0,0.00137765417899092,883.838823881229,1.56519079829296,4370.3978290569,3.93753133262181e-05,17.0018551196332,0.00878433599847705,0.0013128817885693,0.00144242656941255,855.870772209433,911.806875553026,1.55074056557546,1.57964103101045,0.00130047856487154,0.00145482979311031,850.515187846748,917.16245991571,1.54797349973594,1.58240809684997,0.00269762547035038,1071.02555620002,1.68874467341075,4348.79322576261,NA,NA,NA,NA,NA,NA,NA,NA,NA,NA,NA,NA,NA,NA,NA,NA,NA,NA,NA,NA,NA,NA,NA,NA
"76","treatment","62-268","mar 24",TRUE,"gompertz",FALSE,FALSE,0,0.000879865659540837,784.209998504668,1.21407338423006,3340.44510091022,2.31932315836425e-05,18.6628751411974,0.007481392611016,0.000841712793585745,0.000918018525495929,753.509568897398,814.910428111938,1.20176649338494,1.22638027507518,0.000834406925636898,0.000925324393444776,747.630763227921,820.789233781415,1.19940985471247,1.22873691374765,0.00277604313703685,1071.83835005089,1.25010650038325,3321.34698932562,NA,NA,NA,NA,NA,NA,NA,NA,NA,NA,NA,NA,NA,NA,NA,NA,NA,NA,NA,NA,NA,NA,NA,NA
"77","treatment","q1f2","mar 24",TRUE,"gompertz",FALSE,FALSE,0,0.00315231714903058,904.891662382431,1.64642535683321,5148.47569467542,5.24632535225431e-05,4.72801552763795,0.00296372711885487,0.003066015096986,0.00323861920107516,897.114076839467,912.669247925396,1.6415500257227,1.65130068794373,0.0030494891721264,0.00325514512593477,895.624751948261,914.158572816602,1.64061645168026,1.65223426198617,0.00444436092342605,958.009955358314,1.67959432236655,5144.44549836518,NA,NA,NA,NA,NA,NA,NA,NA,NA,NA,NA,NA,NA,NA,NA,NA,NA,NA,NA,NA,NA,NA,NA,NA
"78","treatment","q1b4","mar 24",TRUE,"gompertz",FALSE,FALSE,0,4.32440517093462e-06,-288.277851690355,0.00710928464397289,25.7454661196938,1.17378118010461e-07,25.1296246664736,3.34563104457029e-05,4.13131816680741e-06,4.51749217506183e-06,-329.616084266704,-246.939619114006,0.00705424901328971,0.00716432027465607,4.09434405963412e-06,4.55446628223513e-06,-337.531916036644,-239.023787344067,0.00704371027549932,0.00717485901244647,1.41798498859825e-05,17.3040763773847,0.00737587703605107,25.7332298297862,NA,NA,NA,NA,NA,NA,NA,NA,NA,NA,NA,NA,NA,NA,NA,NA,NA,NA,NA,NA,NA,NA,NA,NA
"79","treatment","02-343","mar 24",TRUE,"gompertz",FALSE,FALSE,0,3.71865702369167e-06,-484.69885667454,0.0112177182270289,33.9808340998601,9.09218834150481e-08,36.506379489661,0.000106262956601749,3.56909052547391e-06,3.86822352190942e-06,-544.751850935033,-424.645862414048,0.011042915663419,0.0113925207906388,3.54045013219817e-06,3.89686391518516e-06,-556.251360474276,-413.146352874805,0.0110094428320895,0.0114259936219683,1.76425072810066e-05,39.7087636894424,0.0110084084039195,33.9388248682628,NA,NA,NA,NA,NA,NA,NA,NA,NA,NA,NA,NA,NA,NA,NA,NA,NA,NA,NA,NA,NA,NA,NA,NA
"80","treatment","ec124","mar 24",TRUE,"gompertz",FALSE,FALSE,0,3.16800979940795e-06,-495.763284903516,0.00692900727382979,24.1072217028339,9.61688401228063e-08,37.2271592552333,4.55026867366531e-05,3.00981205740593e-06,3.32620754140996e-06,-557.001961878375,-434.524607928657,0.006854155354148,0.00700385919351158,2.97951887276725e-06,3.35650072604865e-06,-568.728517043773,-422.798052763259,0.00683982200782595,0.00701819253983363,1.35670092098899e-05,-19.3520765639101,0.00712222920970483,24.0942555277311,NA,NA,NA,NA,NA,NA,NA,NA,NA,NA,NA,NA,NA,NA,NA,NA,NA,NA,NA,NA,NA,NA,NA,NA
"81","treatment","11-228","mar 24",TRUE,"gompertz",FALSE,FALSE,0,3.72917635812854e-06,-507.952115460816,0.00758736731605411,27.1016117887032,1.2907744960949e-07,40.6979489517877,5.00245900891496e-05,3.51684395352093e-06,3.94150876273615e-06,-574.900241486507,-441.003989435126,0.00750507686535746,0.00766965776675076,3.47618455689394e-06,3.98216815936314e-06,-587.72009540632,-428.184135515312,0.00748931911947938,0.00768541551262884,1.10952930264201e-05,-35.5549578560243,0.0080388904996241,27.0856920514442,NA,NA,NA,NA,NA,NA,NA,NA,NA,NA,NA,NA,NA,NA,NA,NA,NA,NA,NA,NA,NA,NA,NA,NA
"82","treatment","bb362","mar 24",TRUE,"gompertz",FALSE,FALSE,0,4.33604947724655e-06,-411.411729383456,0.00792091658426057,28.6313548389054,1.2419935920783e-07,30.1157751313062,4.02810022412458e-05,4.13174153134967e-06,4.54035742314343e-06,-460.952179474455,-361.871279292458,0.00785465433557372,0.00798717883294742,4.09261873319921e-06,4.5794802212939e-06,-470.438648640817,-352.384810126096,0.00784196581986773,0.00799986734865342,1.80207857162461e-05,4.67479757022876,0.00802882240314404,28.6189435096026,NA,NA,NA,NA,NA,NA,NA,NA,NA,NA,NA,NA,NA,NA,NA,NA,NA,NA,NA,NA,NA,NA,NA,NA
"83","treatment","scc187","mar 24",TRUE,"gompertz",FALSE,FALSE,0,4.05495968174704e-06,-318.926065773999,0.00742405130281218,26.2799335231161,1.28914109749011e-07,32.3112862199383,4.58046750893724e-05,3.84289597120992e-06,4.26702339228416e-06,-372.078131605798,-265.773999942201,0.00734870261229016,0.00749939999333419,3.80228802663898e-06,4.3076313368551e-06,-382.256186765078,-255.59594478292,0.00733427413963701,0.00751382846598735,1.08163291755567e-05,9.77748033224765,0.00801850451850112,26.2496376503614,NA,NA,NA,NA,NA,NA,NA,NA,NA,NA,NA,NA,NA,NA,NA,NA,NA,NA,NA,NA,NA,NA,NA,NA
"84","treatment","ec116","mar 24",TRUE,"gompertz",FALSE,FALSE,0,4.66081723351509e-06,-370.026864993917,0.00800371376312714,29.1681676073825,1.2480385481369e-07,26.4779497521634,3.63444461818974e-05,4.45551489234657e-06,4.86611957468361e-06,-413.583092336226,-326.470637651609,0.00794392714915792,0.00806350037709636,4.41620167808026e-06,4.90543278894992e-06,-421.923646508158,-318.130083479677,0.00793247864861062,0.00807494887764366,1.47923100573106e-05,-10.1161129419071,0.00848306272442597,29.1537617700553,NA,NA,NA,NA,NA,NA,NA,NA,NA,NA,NA,NA,NA,NA,NA,NA,NA,NA,NA,NA,NA,NA,NA,NA
"85","treatment","ec102","mar 24",TRUE,"gompertz.exp",FALSE,FALSE,0,0,NA,0,NA,NA,NA,NA,NA,NA,NA,NA,NA,NA,NA,NA,NA,NA,NA,NA,1.47734455125909e-05,34.5711664092253,0.00418786491363253,8.32630344620342,NA,NA,NA,NA,NA,NA,NA,NA,NA,NA,NA,NA,NA,NA,NA,NA,NA,NA,NA,NA,NA,NA,NA,NA
"86","treatment","p. caro","mar 24",TRUE,"gompertz",FALSE,FALSE,0,4.25769229510895e-06,-366.322918906717,0.0074247042856979,26.9257312977986,1.38383215162531e-07,32.4495361961015,4.19420467764605e-05,4.03005190616658e-06,4.48533268405131e-06,-419.702405949304,-312.94343186413,0.00735570961875062,0.00749369895264518,3.98646119339039e-06,4.52892339682751e-06,-429.924009851076,-302.721827962358,0.00734249787401604,0.00750691069737976,1.48533453780924e-05,0.128988062095884,0.00800602831610067,26.9085859734909,NA,NA,NA,NA,NA,NA,NA,NA,NA,NA,NA,NA,NA,NA,NA,NA,NA,NA,NA,NA,NA,NA,NA,NA
"87","treatment","ec52","mar 24",TRUE,"gompertz",FALSE,FALSE,0,0.0014078023145927,895.324165492135,1.5650590660987,4374.15963632404,3.84527948890099e-05,15.9276826579068,0.00824590565609794,0.00134454746700028,0.00147105716218512,869.123127519878,921.525203464392,1.55149455129441,1.57862358090298,0.00133243483661024,0.00148316979257516,864.105907482638,926.542423501632,1.54889709101274,1.58122104118465,0.00267628039358868,1071.15129629021,1.6751455855876,4355.46493655995,NA,NA,NA,NA,NA,NA,NA,NA,NA,NA,NA,NA,NA,NA,NA,NA,NA,NA,NA,NA,NA,NA,NA,NA
"88","treatment","62-268","mar 24",TRUE,"gompertz",FALSE,FALSE,0,0.000825034577646413,711.487494366516,1.13629564328797,3210.56153831054,2.81238196231782e-05,24.1647738956614,0.00883318508157568,0.000778770894366285,0.000871298260926541,671.736441308153,751.238547424878,1.12176505382878,1.15082623274716,0.000769911891184984,0.000880157264107842,664.124537531019,758.850451202012,1.11898260052808,1.15360868604786,0.00288429297489623,1046.74125339831,1.18201025016179,3194.61715606317,NA,NA,NA,NA,NA,NA,NA,NA,NA,NA,NA,NA,NA,NA,NA,NA,NA,NA,NA,NA,NA,NA,NA,NA
"89","treatment","q1f2","mar 24",TRUE,"gompertz",FALSE,FALSE,0,0.0035359699454476,937.504965985809,1.53456862589188,4827.26932367528,4.71185176020241e-05,3.15600353152639,0.00197881479892355,0.00345845998399227,0.00361347990690293,932.313340176448,942.696591795169,1.53131347554765,1.53782377623611,0.00344361765094764,0.00362832223994757,931.319199064017,943.6907329076,1.53069014888599,1.53844710289777,0.00434594346231573,968.457425347025,1.56943212058937,4827.30770105406,NA,NA,NA,NA,NA,NA,NA,NA,NA,NA,NA,NA,NA,NA,NA,NA,NA,NA,NA,NA,NA,NA,NA,NA
"90","treatment","q1b4","mar 24",TRUE,"gompertz",FALSE,FALSE,0,6.74347240270846e-06,-96.2256094919778,0.00626453156080173,24.2727006058328,2.62220885348912e-07,20.3962912965188,2.87992179618303e-05,6.3121190463095e-06,7.17482575910742e-06,-129.777508674751,-62.6737103092044,0.00621715684725452,0.00631190627434894,6.22951946742459e-06,7.25742533799233e-06,-136.202340433155,-56.2488785508009,0.00620808509359654,0.00632097802800692,1.24389127678595e-05,-0.64708224031521,0.00688761109540261,24.2692681794514,NA,NA,NA,NA,NA,NA,NA,NA,NA,NA,NA,NA,NA,NA,NA,NA,NA,NA,NA,NA,NA,NA,NA,NA
"91","treatment","02-343","mar 24",TRUE,"gompertz",FALSE,FALSE,0,4.39536255116734e-06,-338.713749664091,0.00861773891842361,30.0107307027646,1.22771126228516e-07,30.0648303936296,5.05168726556478e-05,4.19340404852143e-06,4.59732105381325e-06,-388.170395661611,-289.25710366657,0.00853463866290507,0.00870083917394215,4.15473114375945e-06,4.63599395857523e-06,-397.640817235605,-279.786682092577,0.00851872584801854,0.00871675198882868,1.51918699023822e-05,20.2827370092297,0.00900584392016771,29.9783798697103,NA,NA,NA,NA,NA,NA,NA,NA,NA,NA,NA,NA,NA,NA,NA,NA,NA,NA,NA,NA,NA,NA,NA,NA
"92","treatment","ec124","mar 24",TRUE,"gompertz",FALSE,FALSE,0,1.9026478288766e-05,-11.6719778540036,0.00398656185099631,16.8269181649812,1.28274703012939e-05,80.8002984953824,0.000133233197299756,-2.07471035686253e-06,4.01276669343945e-05,-144.588468878908,121.2445131709,0.00376739324143821,0.00420573046055441,-6.11536350177012e-06,4.41683200793021e-05,-170.040562904953,146.696607196946,0.00372542478428879,0.00424769891770383,4.16818106905199e-05,10.9921319733726,0.00733897040833408,16.8445291801955,NA,NA,NA,NA,NA,NA,NA,NA,NA,NA,NA,NA,NA,NA,NA,NA,NA,NA,NA,NA,NA,NA,NA,NA
"93","treatment","11-228","mar 24",TRUE,"gompertz",FALSE,FALSE,0,5.08761356522641e-06,-289.133427964205,0.00713208357738328,26.8158584100601,1.51174186142827e-07,24.3120428785749,3.02284420952553e-05,4.83893202902146e-06,5.33629510143136e-06,-329.12673849946,-249.140117428949,0.00708235779013658,0.00718180936462997,4.79131216038647e-06,5.38391497006635e-06,-336.785032006212,-241.481823922198,0.00707283583087658,0.00719133132388998,1.24758028360293e-05,-30.5639144720184,0.00756625260674717,26.8092696270267,NA,NA,NA,NA,NA,NA,NA,NA,NA,NA,NA,NA,NA,NA,NA,NA,NA,NA,NA,NA,NA,NA,NA,NA
"94","treatment","bb362","mar 24",TRUE,"gompertz",FALSE,FALSE,0,4.89274535615294e-06,-313.876532525503,0.00721430114942357,26.9665518346191,1.56430535324973e-07,27.5228953603599,3.40337013115135e-05,4.63541712554336e-06,5.15007358676252e-06,-359.151695393295,-268.601369657711,0.00715831571076613,0.00727028658808101,4.58614150691599e-06,5.19934920538988e-06,-367.821407431809,-259.931657619198,0.007147595094853,0.00728100720399413,1.04349479841973e-05,-51.8954119329625,0.0075436103741446,26.9533703432136,NA,NA,NA,NA,NA,NA,NA,NA,NA,NA,NA,NA,NA,NA,NA,NA,NA,NA,NA,NA,NA,NA,NA,NA
"95","treatment","scc187","mar 24",TRUE,"gompertz",FALSE,FALSE,0,4.06622462797799e-06,-462.641858107375,0.00793415797054961,28.4373565711826,1.2012939786978e-07,33.1834430813615,4.36734204155165e-05,3.8686117684822e-06,4.26383748747378e-06,-517.228621976214,-408.055094238535,0.00786231519396609,0.00800600074713314,3.83077100815322e-06,4.30167824780276e-06,-527.681406546843,-397.602309667906,0.0078485580665352,0.00801975787456402,1.28784870872228e-05,-19.8612090264198,0.00800431543499323,28.4218777779693,NA,NA,NA,NA,NA,NA,NA,NA,NA,NA,NA,NA,NA,NA,NA,NA,NA,NA,NA,NA,NA,NA,NA,NA
"96","treatment","ec116","mar 24",TRUE,"gompertz",FALSE,FALSE,0,3.86656249256988e-06,-393.852118988783,0.00753418173864029,26.6183525361435,1.2800632809336e-07,36.1740545044423,4.94270193196944e-05,3.6559920828563e-06,4.07713290228346e-06,-453.35843864859,-334.345799328975,0.00745287429185939,0.00761548918542118,3.61567008950689e-06,4.11745489563287e-06,-464.75326581749,-322.950972160076,0.00743730478077368,0.00763105869650689,1.26937572728452e-05,9.54865331948933,0.00800720542178222,26.5946845698208,NA,NA,NA,NA,NA,NA,NA,NA,NA,NA,NA,NA,NA,NA,NA,NA,NA,NA,NA,NA,NA,NA,NA,NA
